10200095
10200738
10200060
10200058
10200737
10200054
10200056
10200055
10200091
10200087
10200085
10200082
10200079
10200080
10200075
10200074
10200072
10200073
10200063
10200062
10200066
10200052
10200048
10200050
10200046
10200047
10200049
10200044
10200043
10200039
10200029
10200030
10200026
10200021
10200020
10200023
10200022
10200038
10200094
10200526
10200838
10201599
10201556
10201511
10201575
10201896
10201815
10201812
10201813
10201805
10201023
10201783
10201750
10201747
10201754
10201718
10201715
10201717
10201646
10201645
10201644
10201624
10201619
10201157
10201616
10201514
10201516
10201517
10201512
10201519
10201086
10201094
10201015
10201451
10201449
10201455
10201006
10201454
10201398
10201404
10201403
10201402
10201364
10201369
10201366
10201314
10201321
10201324
10201323
10201281
10201250
10201219
10201179
10201182
10201181
10200674
10201143
10200971
10200972
10200974
10200247
10200793
10200240
10200894
10200823
10200830
10200824
10200253
10200012
10200789
10200005
10200008
10200007
10200006
10200009
10200010
10200032
10200740
10200178
10200180
10200163
10200228
10200138
10200225
10200217
10200220
10200183
10200214
10200213
10200216
10200208
10200103
10200203
10200196
10200195
10200187
10200189
10200191
10200775
10200186
10200119
10200128
10200166
10200157
10200159
10200154
10200152
10200744
10200150
10200149
10200743
10200145
10200140
10200068
10200136
10200133
10200134
10200132
10200131
10200126
10200124
10200117
10200035
10200086
10200114
10200100
10200098
10200739
10200111
10200110
10200045
10200792
10200772
10200108
10200106
10200104
10200101
10200102
