10100510
10100512
10100496
10100498
10100485
10100494
10100628
10100627
10100617
10100589
10100591
10100594
10100595
10100579
10100577
10100568
10100566
10100565
10100571
10100550
10100544
10100542
10100543
10100529
10100525
10100524
10100479
10100484
10100476
10100371
10100466
10100469
10100467
10100462
10100458
10100445
10100438
10100439
10100428
10100434
10100419
10100408
10100409
10100385
10100389
10100363
10100359
10100361
10100651
10100347
10100342
10100344
10100346
10100340
10100654
10100653
10100649
10100339
10100646
10100645
10101044
10100354
10100642
10103080
10103081
10102410
10102408
10102411
10102412
10102348
10101251
10102280
10102357
10102360
10102356
10102352
10102351
10103035
10102992
10102995
10102943
10102953
10102936
10102937
10102949
10102948
10102947
10102879
10102894
10102807
10102814
10102809
10102790
10102803
10102801
10102808
10102670
10102685
10102664
10102663
10102662
10102688
10102651
10102682
10102678
10102675
10102672
10102600
10102610
10102599
10102598
10102601
10102609
10102545
10102539
10102537
10102536
10102495
10102553
10102550
10102454
10102474
10100695
10102477
10102487
10102456
10102455
10102484
10102491
10102486
10102689
10102293
10102286
10101978
10101968
10101951
10101957
10102175
10102131
10102130
10102121
10103497
10102122
10102118
10102070
10102079
10102062
10102076
10102051
10102053
10102050
10102001
10102013
10102004
10101998
10102005
10102016
10101582
10101991
10101630
10101595
10101603
10100637
10101887
10101889
10101819
10101829
10101734
10101731
10101651
10100252
10100176
10100175
10100158
10100171
10100153
10100152
10100056
10100068
10100001
10100003
10100004
10101571
10101569
10100986
10101572
10101135
10101131
10101140
10101119
10101136
10101142
10101094
10100747
10101284
10100874
10101537
10101477
10101468
10101447
10101443
10101401
10101442
10101359
10101355
10101365
10101313
10101314
10101267
10101272
10101264
10101268
10101202
10101201
10101217
10101204
10101207
10101193
10101192
10101179
10101175
10101037
10100790
10100846
10100844
10100833
10101023
10101011
10101015
10100634
10100914
10101021
10101009
10103218
10101013
10100994
10100357
10100983
10100982
10100975
10100943
10100935
10100944
10100933
10100922
10100905
10100898
10100906
10100900
10100891
10100867
10100871
10100810
10100811
10100817
10103217
10100703
10100683
10100692
10100693
10100680
10100677
10100809
10100735
10100734
10100775
10100771
10100774
10100769
10100773
10100770
10100727
10100711
10100712
10100701
10100705
10100704
